# f5cm
phase_list = [
    30, 15, 27, 5,  9,  9,  5, 27, 15, 30,
    15,  0, 14, 23, 28, 28, 23, 14,  0, 15,
    27, 14, 28,  7, 12, 12,  7, 28, 14, 27,
    5, 23,  7, 17, 23, 23, 17,  7, 23,  5,
    9, 28, 12, 23, 28, 28, 23, 12, 28,  9,
    9, 28, 12, 23, 28, 28, 23, 12, 28,  9,
    5, 23,  7, 17, 23, 23, 17,  7, 23,  5,
    27, 14, 28,  7, 12, 12,  7, 28, 14, 27,
    15,  0, 14, 23, 28, 28, 23, 14,  0, 15,
    30, 15, 27, 5,  9,  9,  5, 27, 15, 30,
]

# f10cm
phase_list = [
    13, 23,  0,  5,  8,  8,  5,  0, 23, 13,
    23,  3, 11, 16, 19, 19, 16, 11,  3, 23,
    0, 11, 19, 25, 27, 27, 25, 19, 11,  0,
    5, 16, 25, 30,  2,  2, 30, 25, 16,  5,
    8, 19, 27,  2,  5,  5,  2, 27, 19,  8,
    8, 19, 27,  2,  5,  5,  2, 27, 19,  8,
    5, 16, 25, 30,  2,  2, 30, 25, 16,  5,
    0, 11, 19, 25, 27, 27, 25, 19, 11,  0,
    23,  3, 11, 16, 19, 19, 16, 11,  3, 23,
    13, 23,  0,  5,  8,  8,  5,  0, 23, 13,
]

# f15cm
phase_list = [
    6, 13, 19, 22, 24, 24, 22, 19, 13,  6,
    13, 20, 26, 30,  1,  1, 30, 26, 20, 13,
    19, 26,  1,  4,  6,  6,  4,  1, 26, 19,
    22, 30,  4,  8, 10, 10,  8,  4, 30, 22,
    24,  1,  6, 10, 12, 12, 10,  6,  1, 24,
    24,  1,  6, 10, 12, 12, 10,  6,  1, 24,
    22, 30,  4,  8, 10, 10,  8,  4, 30, 22,
    19, 26,  1,  4,  6,  6,  4,  1, 26, 19,
    13, 20, 26, 30,  1,  1, 30, 26, 20, 13,
    6, 13, 19, 22, 24, 24, 22, 19, 13,  6,
]

# f20cm
phase_list =  [
    22, 27, 0, 3, 5, 5, 3, 0, 27, 22,
    27, 2, 6, 9, 10, 10, 9, 6, 2, 27,
    0, 6, 10, 13, 15, 15, 13, 10, 6, 0,
    3, 9, 13, 16, 18, 18, 16, 13, 9, 3,
    5, 10, 15, 18, 19, 19, 18, 15, 10, 5,
    5, 10, 15, 18, 19, 19, 18, 15, 10, 5,
    3, 9, 13, 16, 18, 18, 16, 13, 9, 3,
    0, 6, 10, 13, 15, 15, 13, 10, 6, 0,
    27, 2, 6, 9, 10, 10, 9, 6, 2, 27,
    22, 27, 0, 3, 5, 5, 3, 0, 27, 22
]


# twin 5cm
phase_list = [
    14, 31, 11, 21, 25, 9, 5, 27, 15, 30,
    31, 16, 30, 7, 12, 28, 23, 14, 0, 15,
    11, 30, 12, 23, 28, 12, 7, 28, 14, 27,
    21, 7, 23, 1, 7, 23, 17, 7, 23, 5,
    25, 12, 28, 7, 12, 28, 23, 12, 28, 9,
    25, 12, 28, 7, 12, 28, 23, 12, 28, 9,
    21, 7, 23, 1, 7, 23, 17, 7, 23, 5,
    11, 30, 12, 23, 28, 12, 7, 28, 14, 27,
    31, 16, 30, 7, 12, 28, 23, 14, 0, 15,
    14, 31, 11, 21, 25, 9, 5, 27, 15, 30
]

# twin  2.7cm 11cm
phase_list = [
    19, 3, 17, 29, 6, 29, 3, 6, 6, 3,
    28, 12, 26, 6, 17, 8, 13, 16, 16, 13,
    3, 19, 1, 13, 24, 16, 21, 23, 23, 21,
    7, 24, 6, 19, 29, 21, 26, 29, 29, 26,
    9, 26, 9, 22, 0, 23, 29, 0, 0, 29,
    9, 26, 9, 22, 0, 23, 29, 0, 0, 29,
    7, 24, 6, 19, 29, 21, 26, 29, 29, 26,
    3, 19, 1, 13, 24, 16, 21, 23, 23, 21,
    28, 12, 26, 6, 17, 8, 13, 16, 16, 13,
    19, 3, 17, 29, 6, 29, 3, 6, 6, 3
]

# twin  -2.3cm 11cm
phase_list = [
    17, 21, 22, 21, 17, 26, 17, 7, 25, 10,
    27, 31, 0, 31, 27, 4, 27, 16, 3, 19,
    3, 7, 8, 6, 2, 12, 3, 23, 10, 26,
    8, 12, 13, 11, 7, 17, 8, 28, 15, 30,
    11, 14, 17, 14, 10, 19, 10, 30, 17, 2,
    11, 14, 17, 14, 10, 19, 10, 30, 17, 2,
    8, 12, 13, 11, 7, 17, 8, 28, 15, 30,
    3, 7, 8, 6, 2, 12, 3, 23, 10, 26,
    27, 31, 0, 31, 27, 4, 27, 16, 3, 19,
    17, 21, 22, 21, 17, 26, 17, 7, 25, 10
]

# vortex 5cm
phase_list = [
    30, 15, 27, 5, 9, 1, 29, 19, 7, 22,
    15, 0, 14, 23, 28, 20, 15, 6, 24, 7,
    27, 14, 28, 7, 12, 4, 31, 20, 6, 19,
    5, 23, 7, 17, 23, 15, 9, 31, 15, 29,
    9, 28, 12, 23, 28, 20, 15, 4, 20, 1,
    17, 4, 20, 31, 4, 12, 7, 28, 12, 25,
    13, 31, 15, 25, 31, 7, 1, 23, 7, 21,
    3, 22, 4, 15, 20, 28, 23, 12, 30, 11,
    23, 8, 22, 31, 4, 12, 7, 30, 16, 31,
    6, 23, 3, 13, 17, 25, 21, 11, 31, 14
]
